mode=http sizes=[64, 512, 2048, 8192] n=8 readers=['cog/gdal', 'zarr/py', 'zarr/gdal']
reader     chunk    win   ms_med   ms_p95  chunks  reqs  MB_read
cog/gdal     256     64      8.1     73.6     1.5   1.5     0.16
cog/gdal     256    512     93.1    119.0     9.0   2.9     1.06
cog/gdal     256   2048    339.0    602.6    81.0   8.6     8.83
cog/gdal     256   8192   7545.0   8576.7  1089.0 166.0   158.49
cog/gdal     512     64      2.8     41.3     1.0   1.0     0.44
cog/gdal     512    512     33.0     42.2     4.0   2.0     1.88
cog/gdal     512   2048    318.5    398.9    25.0   6.6    11.99
cog/gdal     512   8192   4911.4   5339.3   289.0  85.0   168.03
cog/gdal    1024     64     32.6     63.4     1.0   1.0     1.72
cog/gdal    1024    512     61.9    157.2     2.1   1.4     3.92
cog/gdal    1024   2048    457.1    652.7     9.0   5.9    17.84
cog/gdal    1024   8192   4393.9   4647.5    81.0  46.2   165.12
cog/gdal    2048     64    269.6    311.8     1.0   1.0     6.71
cog/gdal    2048    512    340.5    569.8     1.2   1.6     9.21
cog/gdal    2048   2048   1178.3   1338.7     4.0   4.4    29.76
cog/gdal    2048   8192   8204.7   9003.3    25.0  25.2   192.08
zarr/py      256     64      1.8     33.5     1.5   1.1     0.10
zarr/py      256    512    330.9    403.7     9.0   8.5     1.04
zarr/py      256   2048   3352.2   3832.4    81.0  80.9     9.45
zarr/py      256   8192  47874.1  48376.7  1089.0 1089.0   131.22
zarr/py      512     64      3.2     21.8     1.0   1.2     0.24
zarr/py      512    512    113.5    183.2     4.0   3.6     1.62
zarr/py      512   2048   1121.4   1267.0    25.0  25.0    11.42
zarr/py      512   8192  12750.8  13176.8   289.0 289.0   135.69
zarr/py     1024     64     15.5     49.2     1.0   1.6     1.69
zarr/py     1024    512     14.9     52.4     2.1   1.2     2.25
zarr/py     1024   2048    314.4    469.2     9.0   8.9    15.91
zarr/py     1024   8192   3426.6   3802.4    81.0  81.0   148.61
zarr/py     2048     64     33.3     50.3     1.0   1.9     7.75
zarr/py     2048    512     37.0     53.6     1.2   1.2     9.18
zarr/py     2048   2048     85.2    108.7     4.0   2.9    20.23
zarr/py     2048   8192   1017.6   1152.0    25.0  24.9   179.95
zarr/gdal    256     64      2.3     13.0     1.5   1.4     0.12
zarr/gdal    256    512     17.5     33.8     9.0   1.9     0.24
zarr/gdal    256   2048    166.1    178.7    81.0   5.2     0.63
zarr/gdal    256   8192   2376.5   2468.9  1089.0  57.2     6.87
zarr/gdal    512     64      3.3     17.1     1.0   1.2     0.46
zarr/gdal    512    512     13.2     19.6     4.0   1.5     0.74
zarr/gdal    512   2048     84.8    121.8    25.0   3.5     1.63
zarr/gdal    512   8192   1033.4   1072.5   289.0  25.2    11.45
zarr/gdal   1024     64     10.1     27.6     1.0   1.1     1.63
zarr/gdal   1024    512     25.0     66.6     2.1   2.0     3.67
zarr/gdal   1024   2048    114.1    176.9     9.0   4.0     7.17
zarr/gdal   1024   8192   1075.3   1215.8    81.0  23.5    43.35
zarr/gdal   2048     64     45.9     80.1     1.0   1.1     7.27
zarr/gdal   2048    512     44.6     71.2     1.2   1.2     9.18
zarr/gdal   2048   2048    137.6    160.5     4.0   4.0    28.05
zarr/gdal   2048   8192   1003.4   1095.0    25.0  23.9   172.97
saved D:\GitHub@shiwaku\zarr-vs-cog\results\bench_http.json
