mode=http sizes=[64, 512, 2048, 8192] n=8 readers=['cog/gdal', 'zarr/py', 'zarr/gdal']
reader     chunk    win   ms_med   ms_p95  chunks  reqs  MB_read
cog/gdal     256     64      1.4      2.8     1.5   1.5     0.16
cog/gdal     256    512      6.0     26.6     9.0   3.0     1.11
cog/gdal     256   2048     58.2     64.3    81.0   9.2     9.53
cog/gdal     256   8192   1692.4   2119.5  1089.0 165.2   157.75
cog/gdal     512     64      2.5     14.5     1.0   1.0     0.44
cog/gdal     512    512      9.1     10.9     4.0   2.0     1.88
cog/gdal     512   2048    153.6    195.0    25.0   6.8    12.05
cog/gdal     512   8192   2815.0   3110.0   289.0  85.0   168.03
cog/gdal    1024     64     19.6     31.0     1.0   1.0     1.72
cog/gdal    1024    512     59.4    154.0     2.1   1.4     3.92
cog/gdal    1024   2048    387.0    460.8     9.0   5.9    17.84
cog/gdal    1024   8192   4109.7   4378.4    81.0  46.2   165.12
cog/gdal    2048     64    268.9    316.3     1.0   1.0     6.71
cog/gdal    2048    512    334.0    508.8     1.2   1.6     9.21
cog/gdal    2048   2048   1165.5   1314.2     4.0   4.4    29.76
cog/gdal    2048   8192   8138.5   8928.2    25.0  25.2   192.08
zarr/py      256     64      1.8     11.6     1.5   1.5     0.14
zarr/py      256    512      6.4      7.5     9.0   9.0     1.11
zarr/py      256   2048     53.7     54.7    81.0  81.0     9.44
zarr/py      256   8192    718.5    728.2  1089.0 1089.0   131.24
zarr/py      512     64      3.3     13.6     1.0   1.0     0.42
zarr/py      512    512      6.7      7.0     4.0   4.0     1.88
zarr/py      512   2048     33.1     36.2    25.0  25.0    11.35
zarr/py      512   8192    401.0    414.7   289.0 289.0   135.74
zarr/py     1024     64      9.2     18.9     1.0   1.0     1.71
zarr/py     1024    512     16.1     20.3     2.1   2.1     3.91
zarr/py     1024   2048     35.5     40.8     9.0   9.0    15.98
zarr/py     1024   8192    377.3    395.0    81.0  81.0   148.78
zarr/py     2048     64     41.8     69.0     1.0   1.0     6.70
zarr/py     2048    512     44.1     63.9     1.2   1.2     9.18
zarr/py     2048   2048     81.3     85.2     4.0   4.0    28.05
zarr/py     2048   8192    417.6    445.5    25.0  25.0   180.77
zarr/gdal    256     64      3.0     15.4     1.5   1.5     0.14
zarr/gdal    256    512     17.3     17.5     9.0   9.0     1.11
zarr/gdal    256   2048    156.5    158.7    81.0  81.0     9.44
zarr/gdal    256   8192   2159.0   2196.0  1089.0 1089.0   131.24
zarr/gdal    512     64      3.8     13.6     1.0   1.0     0.42
zarr/gdal    512    512     13.1     13.5     4.0   4.0     1.88
zarr/gdal    512   2048     84.2     85.4    25.0  25.0    11.35
zarr/gdal    512   8192   1000.8   1019.4   289.0 289.0   135.74
zarr/gdal   1024     64     11.0     20.9     1.0   2.0     3.42
zarr/gdal   1024    512     25.7     50.0     2.1   4.2     7.82
zarr/gdal   1024   2048    122.6    155.2     9.0  17.8    31.51
zarr/gdal   1024   8192   1022.4   1183.6    81.0 114.6   210.22
zarr/gdal   2048     64     32.0     49.6     1.0   2.0    13.40
zarr/gdal   2048    512     53.1    118.9     1.2   2.5    18.36
zarr/gdal   2048   2048    153.0    184.9     4.0   7.5    52.60
zarr/gdal   2048   8192   1101.8   1260.3    25.0  33.2   237.51
saved D:\GitHub@shiwaku\zarr-vs-cog\results\bench_http.json
